A
6.660 0.587 0.377 7.730 
7.799 4.298 9.665 2.935 
3.071 5.869 2.107 2.588 
1.971 0.215 9.125 4.501 
8.750 6.486 1.468 9.614 
4.913 4.015 1.566 9.829 

Blank Matrix
0.000 0.000 0.000 0.000 
0.000 0.000 0.000 0.000 
0.000 0.000 0.000 0.000 
0.000 0.000 0.000 0.000 

Q
0.450 -0.611 -0.334 0.053 
0.527 -0.073 0.487 -0.575 
0.207 0.714 0.063 -0.062 
0.133 -0.174 0.735 0.509 
0.591 0.214 -0.310 0.023 
0.332 0.187 -0.103 0.635 

R
14.805 8.940 8.300 15.103 
0.000 5.619 -0.409 0.020 
0.000 0.000 10.808 -1.670 
0.000 0.000 0.000 7.313 

Q^TQ
1.000 -0.000 0.000 -0.000 
-0.000 1.000 0.000 0.000 
0.000 0.000 1.000 0.000 
-0.000 0.000 0.000 1.000 

Anew
6.660 0.587 0.377 7.730 
7.799 4.298 9.665 2.935 
3.071 5.869 2.107 2.588 
1.971 0.215 9.125 4.501 
8.750 6.486 1.468 9.614 
4.913 4.015 1.566 9.829 

