vector b
2.68636 0.408001 3.76943 0.533164 

A
8.110 9.323 7.943 4.407 
6.377 4.720 2.834 9.027 
8.269 7.473 3.303 8.037 
1.730 8.298 0.781 5.959 

Q
0.608 0.149 0.778 -0.051 
0.478 -0.260 -0.272 0.793 
0.620 -0.142 -0.496 -0.591 
0.130 0.943 -0.272 0.138 

R
13.335 13.638 8.336 12.754 
0.000 6.921 0.708 2.782 
0.000 0.000 3.557 -4.640 
0.000 0.000 0.000 3.012 

After back-substitution
Q
0.608 0.149 0.778 -0.051 
0.478 -0.260 -0.272 0.793 
0.620 -0.142 -0.496 -0.591 
0.130 0.943 -0.272 0.138 

R
13.335 13.638 8.336 12.754 
0.000 6.921 0.708 2.782 
0.000 0.000 3.557 -4.640 
0.000 0.000 0.000 3.012 

b
2.68636 0.408001 3.76943 0.533164 

x
1.08387 0.388271 -0.86188 -0.652922 

bnew
2.68636 0.408001 3.76943 0.533164 

