x=0.739085 cos(x)=0.739085
y=0.739085 cos(y)=0.739085
z=0.739085 cos(z)=0.739085
