A
4.435 3.058 6.368 8.845 
1.074 4.982 1.205 8.621 
4.283 5.025 5.574 0.257 
2.124 1.263 7.897 3.922 
1.783 5.492 5.174 6.287 
2.809 6.517 0.450 7.402 

Blank Matrix
0.000 0.000 0.000 0.000 
0.000 0.000 0.000 0.000 
0.000 0.000 0.000 0.000 
0.000 0.000 0.000 0.000 

Q
0.599 -0.423 -0.131 0.560 
0.145 0.560 0.079 0.368 
0.579 -0.085 -0.136 -0.724 
0.287 -0.234 0.686 0.072 
0.241 0.495 0.520 -0.114 
0.380 0.447 -0.465 0.096 

R
7.399 9.625 10.903 12.153 
0.000 6.405 -1.582 6.565 
0.000 0.000 6.406 2.007 
0.000 0.000 0.000 8.216 

Q^TQ
1.000 -0.000 0.000 0.000 
-0.000 1.000 0.000 0.000 
0.000 0.000 1.000 -0.000 
0.000 0.000 -0.000 1.000 

Anew
4.435 3.058 6.368 8.845 
1.074 4.982 1.205 8.621 
4.283 5.025 5.574 0.257 
2.124 1.263 7.897 3.922 
1.783 5.492 5.174 6.287 
2.809 6.517 0.450 7.402 

