vector b
5.00095 3.13817 2.71395 4.14264 

A
1.901 7.429 8.559 6.031 
7.291 6.022 3.709 9.262 
5.776 7.960 3.901 4.020 
7.498 0.762 2.613 9.372 

Q
0.157 0.702 0.694 0.023 
0.603 0.065 -0.228 0.762 
0.477 0.424 -0.518 -0.569 
0.620 -0.568 0.445 -0.309 

R
12.098 9.069 7.062 14.258 
0.000 8.553 6.421 1.217 
0.000 0.000 4.237 4.162 
0.000 0.000 0.000 2.017 

After back-substitution
Q
0.157 0.702 0.694 0.023 
0.603 0.065 -0.228 0.762 
0.477 0.424 -0.518 -0.569 
0.620 -0.568 0.445 -0.309 

R
12.098 9.069 7.062 14.258 
0.000 8.553 6.421 1.217 
0.000 0.000 4.237 4.162 
0.000 0.000 0.000 2.017 

b
5.00095 3.13817 2.71395 4.14264 

x
0.468837 -0.364783 0.906883 -0.15624 

bnew
5.00095 3.13817 2.71395 4.14264 

