x0= -1.137902
x1= -2.833031
x2=  0.851459

b0=  6.230000
b1=  5.370000
b2=  2.290000
