3 3 3 3 3 3 3 3 3 3 3 3 3 3 3 3 3 3 3 3 3 3 3 3 

Steps:  1000
Resets: 999
Scales: 1
2.84482 3.64036 2.66998 2.51479 3.31032 2.33998 2.18479 2.98034 2.00993 1.85474 2.65029 1.6799 1.52472 2.32027 1.3499 1.19472 1.99027 1.01988 0.864695 1.66025 0.689877 0.534693 1.33024 0.359848 

