3 3 3 3 3 3 3 3 3 

Steps:  1000
Resets: 998
Scales: 2
0.477033 5.33053 4.62463 -1.12305 8.85684 7.47505 0.367466 13.0326 11.4209 

